1407
3967
2402
244
6607
6875
1154
1513
9743
4690
6810
1724
8596
2134
7842
7764
1980
2255
1510
5037
8513
187
8585
6941
3409
277
7994
9947
7293
954
1622
8811
5311
5336
2334
6172
2864
9384
9114
6758
6664
9245
6846
894
8711
1469
6507
957
4019
960
7593
9280
1843
2039
8981
4560
8636
8110
7014
7412
2314
6197
68
6134
81
3259
234
4852
8756
2540
6299
8504
7094
3630
5267
7450
2879
8326
1248
6612
1
9392
6449
2566
7035
5342
2829
91
846
4976
2823
8380
7983
3269
2769
8243
9533
1089
2543
8995
499
976
397
9110
1071
4218
9443
9174
5940
8072
5848
2641
4380
4070
101
211
7161
2667
6886
9872
6802
3064
2584
4357
6355
9205
7658
1530
6818
708
6912
4116
5884
8793
5688
5452
9260
2822
3916
9868
5483
3404
2270
4459
6653
3291
4529
2815
2422
281
666
4157
4222
1521
8532
5127
3017
6115
4593
5845
9489
2517
8833
5015
7494
1797
6053
8874
2162
659
83
6665
5025
2477
61
1894
3057
250
814
1417
1255
2059
532
5016
563
7823
9108
280
308
9030
2362
5443
4191
2553
912
6074
7740
7447
9969
8892
9233
147
2831
9672
6275
5420
5874
2352
8506
6365
4161
335
9717
3222
198
1996
2430
4186
7885
3535
1343
6572
829
3059
8965
1059
4282
3324
4931
4629
4954
1483
7418
2563
7799
3888
7960
8705
1876
1984
8271
4010
6708
8056
1217
1671
5120
5175
1675
934
403
545
9819
3873
3550
203
3213
8215
4822
1396
1783
3878
1759
5110
1549
9803
5737
6325
5357
1583
936
8394
1021
3708
680
8245
5920
9053
2999
1416
296
1885
4802
4604
7728
875
5913
4254
6879
1344
9158
1030
1966
3935
6780
2952
3821
4462
4956
3182
1491
3813
1166
2022
1173
3557
7416
729
3099
645
4603
5051
8308
7930
3208
9171
1880
5022
1481
5761
4402
4776
2330
7940
7444
7148
4732
2363
6166
7807
3096
2740
6201
7665
3827
3466
9505
6169
794
4711
9953
2370
7125
2858
7213
4431
6421
4734
897
3006
3574
434
7269
5430
4577
9490
7166
1379
6953
2164
8014
1630
34
4128
8250
1790
459
4087
8172
9615
3060
9195
1329
1533
2198
3954
5975
2187
5319
8905
5012
2728
4093
1131
9611
4048
279
6306
5499
1375
2233
653
6681
619
1638
3619
3871
2066
9315
1142
3029
9056
5385
1132
9126
2939
218
9462
4425
649
4657
156
5687
1781
606
2170
2735
9956
9228
7660
5152
8230
6509
4240
4866
9337
9209
3578
1861
8299
1302
8732
4407
2944
4649
4292
746
6915
1468
8391
8069
2415
2332
8953
4320
6949
5836
6807
7656
873
6464
8490
3899
5307
9341
3652
6459
1651
5904
795
911
8282
9323
1263
2428
5513
3345
9567
5504
1679
670
7176
2119
7752
9415
1872
1460
2013
7592
2742
3371
4400
8883
2141
1953
992
4300
2647
757
7524
6303
9869
5686
416
9191
6128
344
4107
8886
7386
6986
6242
6321
2261
8067
6279
3747
6131
634
8354
6996
6207
3004
8332
3298
9739
7440
9923
6601
3016
8330
3831
4467
7121
8993
8452
1970
9689
3300
9329
172
4233
104
7829
1502
8358
1287
8099
33
3236
5310
7367
1723
9127
4652
3859
3386
8571
7992
1125
8353
6439
6292
3725
8403
430
3274
9197
4594
2044
8444
5011
2095
3112
1315
1740
4235
8396
1681
4839
227
9063
6080
9095
7721
2383
6794
5157
1935
6429
4803
9793
1531
939
6781
1156
5356
9190
2900
3898
1849
845
1104
6094
5824
6136
7642
9354
4022
5964
2153
6677
6651
7211
3593
4208
8868
2058
7926
9560
7744
5779
5846
7095
8398
2011
6973
2747
1796
8557
2163
3503
1765
4727
4309
9261
7296
8950
7480
3172
1833
5822
7962
1564
7140
8896
5892
8434
9028
5912
1822
5258
387
8912
3920
9334
1126
2364
1545
9014
9247
616
2675
6203
2280
2676
8
99
7630
4745
1293
5426
1875
7831
5544
9897
6947
5775
8046
825
6994
3664
8617
1618
8677
7202
3723
1281
1711
4546
5089
7978
4559
9680
891
1042
6808
8374
6891
4640
7970
9210
4860
853
4495
533
1189
8601
1536
901
1950
9128
2312
8975
1517
5009
6425
5878
5742
9438
9768
3049
5656
1697
5973
2525
6924
5390
358
821
1578
5600
58
8974
4477
1755
7156
7715
3976
7105
3499
7099
4399
2472
3153
9414
4355
6777
5987
369
3697
8854
9593
3452
9935
7216
353
7835
1741
5881
9345
4544
7090
6703
6746
3401
9372
8399
1994
9182
7141
2459
1580
6333
9452
3790
7080
3579
4891
1312
7942
5871
7876
9288
5206
92
3066
1597
6830
3163
291
8094
7589
6461
3645
4371
6240
383
3546
2018
5399
6458
3053
5744
2319
6655
6
555
4451
1999
2109
6369
3197
5233
8378
958
1014
9848
6402
1869
3921
4506
7093
703
9390
7950
1449
1299
2355
501
3391
641
1969
1276
9047
2178
8031
4173
5027
2180
2983
2552
2003
4085
6372
142
124
5224
1467
6906
3475
3627
603
2110
4784
4857
285
2392
2547
8415
9305
4094
3175
3424
472
6422
8220
1318
1682
898
423
9211
4968
1073
7643
2494
3437
6614
9661
3558
6829
288
2177
9862
3150
9740
1775
6529
7702
217
5644
6831
9165
5948
8983
209
7268
6773
6673
1810
6790
7906
624
7486
7518
8803
103
265
6254
6669
2614
7044
454
5455
923
3155
1699
5416
4001
9473
9067
738
7625
2138
665
378
1977
6562
9757
1116
8431
9859
8111
8628
4086
9039
7834
8266
6017
1419
6705
7971
1949
6840
6431
9812
6283
6964
4159
4376
4448
510
3911
3633
4241
6360
9229
7854
237
4214
8203
3137
7284
7131
6932
8957
1297
4554
9837
6338
6434
3852
9806
3548
9237
5391
6657
6797
1585
9847
6208
2412
7573
7072
3968
3721
1339
2384
5268
7344
5128
7993
4055
5131
3751
3225
4061
2050
484
9932
8933
973
9944
8441
4443
4835
668
4227
9279
8771
